CONV NORM
0.001930 0.005946 0.014264 0.026649 0.038774 0.043936 0.038774 0.026649 0.014264 0.005946 0.001930 
0.005946 0.018315 0.043936 0.082084 0.119432 0.135335 0.119432 0.082084 0.043936 0.018315 0.005946 
0.014264 0.043936 0.105399 0.196911 0.286504 0.324652 0.286504 0.196911 0.105399 0.043936 0.014264 
0.026649 0.082084 0.196911 0.367879 0.535261 0.606530 0.535261 0.367879 0.196911 0.082084 0.026649 
0.038774 0.119432 0.286504 0.535261 0.778800 0.882496 0.778800 0.535261 0.286504 0.119432 0.038774 
0.043936 0.135335 0.324652 0.606530 0.882496 1.000000 0.882496 0.606530 0.324652 0.135335 0.043936 
0.038774 0.119432 0.286504 0.535261 0.778800 0.882496 0.778800 0.535261 0.286504 0.119432 0.038774 
0.026649 0.082084 0.196911 0.367879 0.535261 0.606530 0.535261 0.367879 0.196911 0.082084 0.026649 
0.014264 0.043936 0.105399 0.196911 0.286504 0.324652 0.286504 0.196911 0.105399 0.043936 0.014264 
0.005946 0.018315 0.043936 0.082084 0.119432 0.135335 0.119432 0.082084 0.043936 0.018315 0.005946 
0.001930 0.005946 0.014264 0.026649 0.038774 0.043936 0.038774 0.026649 0.014264 0.005946 0.001930 
