CONV NORM
0.077304 0.104350 0.135335 0.168638 0.201896 0.232236 0.256660 0.272531 0.278037 0.272531 0.256660 0.232236 0.201896 0.168638 0.135335 0.104350 0.077304 
0.104350 0.140858 0.182683 0.227637 0.272531 0.313486 0.346455 0.367879 0.375311 0.367879 0.346455 0.313486 0.272531 0.227637 0.182683 0.140858 0.104350 
0.135335 0.182683 0.236927 0.295230 0.353454 0.406569 0.449328 0.477113 0.486752 0.477113 0.449328 0.406569 0.353454 0.295230 0.236927 0.182683 0.135335 
0.168638 0.227637 0.295230 0.367879 0.440431 0.506616 0.559898 0.594520 0.606530 0.594520 0.559898 0.506616 0.440431 0.367879 0.295230 0.227637 0.168638 
0.201896 0.272531 0.353454 0.440431 0.527292 0.606530 0.670320 0.711770 0.726149 0.711770 0.670320 0.606530 0.527292 0.440431 0.353454 0.272531 0.201896 
0.232236 0.313486 0.406569 0.506616 0.606530 0.697676 0.771051 0.818730 0.835270 0.818730 0.771051 0.697676 0.606530 0.506616 0.406569 0.313486 0.232236 
0.256660 0.346455 0.449328 0.559898 0.670320 0.771051 0.852143 0.904837 0.923116 0.904837 0.852143 0.771051 0.670320 0.559898 0.449328 0.346455 0.256660 
0.272531 0.367879 0.477113 0.594520 0.711770 0.818730 0.904837 0.960789 0.980198 0.960789 0.904837 0.818730 0.711770 0.594520 0.477113 0.367879 0.272531 
0.278037 0.375311 0.486752 0.606530 0.726149 0.835270 0.923116 0.980198 1.000000 0.980198 0.923116 0.835270 0.726149 0.606530 0.486752 0.375311 0.278037 
0.272531 0.367879 0.477113 0.594520 0.711770 0.818730 0.904837 0.960789 0.980198 0.960789 0.904837 0.818730 0.711770 0.594520 0.477113 0.367879 0.272531 
0.256660 0.346455 0.449328 0.559898 0.670320 0.771051 0.852143 0.904837 0.923116 0.904837 0.852143 0.771051 0.670320 0.559898 0.449328 0.346455 0.256660 
0.232236 0.313486 0.406569 0.506616 0.606530 0.697676 0.771051 0.818730 0.835270 0.818730 0.771051 0.697676 0.606530 0.506616 0.406569 0.313486 0.232236 
0.201896 0.272531 0.353454 0.440431 0.527292 0.606530 0.670320 0.711770 0.726149 0.711770 0.670320 0.606530 0.527292 0.440431 0.353454 0.272531 0.201896 
0.168638 0.227637 0.295230 0.367879 0.440431 0.506616 0.559898 0.594520 0.606530 0.594520 0.559898 0.506616 0.440431 0.367879 0.295230 0.227637 0.168638 
0.135335 0.182683 0.236927 0.295230 0.353454 0.406569 0.449328 0.477113 0.486752 0.477113 0.449328 0.406569 0.353454 0.295230 0.236927 0.182683 0.135335 
0.104350 0.140858 0.182683 0.227637 0.272531 0.313486 0.346455 0.367879 0.375311 0.367879 0.346455 0.313486 0.272531 0.227637 0.182683 0.140858 0.104350 
0.077304 0.104350 0.135335 0.168638 0.201896 0.232236 0.256660 0.272531 0.278037 0.272531 0.256660 0.232236 0.201896 0.168638 0.135335 0.104350 0.077304 
